Id	Name	TypeId	JingMaiId	LevelupType	NoJoinJingMaiLevel	ExtSkillId	ExtPartnerSkillId	ExtAttribId	ExtAttribMaxLevel	ExtPartnerAttribId	ExtPartnerAttribMaxLevel	Require_XueWei1	Require_XueWei2	Require_XueWei3	Require_Level	Cost1	Cost2	Cost3
1	Thừa Tương	1	1	1				1001	20	1012	20				0|70;1|70;20|70	ZhenQi|500	Coin|10000	
2	Thiên Đột	1	1	2				1002	20	1013	20	1|5			0|71;1|71;20|71	ZhenQi|500	Coin|20000	
3	Toàn Cơ	1	1	2				1003	20	1014	20	2|5			0|72;1|72;20|72	ZhenQi|500	Coin|20000	
4	Hoa Cái	1	1	2				1004	20	1015	20	3|5			0|73;1|73;20|73	ZhenQi|500	Coin|20000	
5	Ngọc Đường	1	1	2				1005	20	1016	20	4|5			0|74;1|74;20|74	ZhenQi|500	Coin|20000	
6	Đãn Trung	1	1	2				1006	20	1017	20	5|5			0|75;1|75;20|75	ZhenQi|500	Coin|20000	
7	Cự Quyết	1	1	2				1007	20	1018	20	6|5			0|75;1|75;20|75	ZhenQi|500	Coin|20000	
8	Kiến Lý	1	1	2				1008	20	1019	20	7|5			0|75;1|75;20|75	ZhenQi|500	Coin|20000	
9	Thủy Phân	1	1	3				1009	20	1020	20	8|5			0|76;1|76;20|76	ZhenQi|1000	Coin|20000	
10	Thạch Môn	1	1	3				1010	20	1021	20	9|5			0|77;1|77;20|77	ZhenQi|1000	Coin|20000	
11	Quan Nguyên	1	1	3				1011	20	1022	20	10|5			0|78;1|78;20|78	ZhenQi|1000	Coin|20000	
12	Khúc Cốt	2	1	4	1	4801				1023	20	11|5			0|79;1|79;20|79	item|6149|1	ZhenQi|1000	Coin|20000
13	Thần Đình	1	2	5				1024	20	1035	20				0|80;1|80;20|80	ZhenQi|2000	Coin|40000	
14	Bách Hội	1	2	5				1025	20	1036	20	13|5			0|81;1|81;20|81	ZhenQi|2000	Coin|40000	
15	Phong Phủ	1	2	5				1026	20	1037	20	14|5			0|82;1|82;20|82	ZhenQi|2000	Coin|40000	
16	Đại Trùy	1	2	5				1027	20	1038	20	15|5			0|83;1|83;20|83	ZhenQi|2000	Coin|40000	
17	Thần Đạo	1	2	5				1028	20	1039	20	16|5			0|84;1|84;20|84	ZhenQi|2000	Coin|40000	
18	Linh Đài	1	2	6				1029	20	1040	20	17|5			0|85;1|85;20|85	ZhenQi|3000	Coin|40000	
19	Chí Dương	1	2	6				1030	20	1041	20	18|5			0|85;1|85;20|85	ZhenQi|3000	Coin|40000	
20	Trung Xu	1	2	6				1031	20	1042	20	19|5			0|85;1|85;20|85	ZhenQi|3000	Coin|40000	
21	Huyền Khu	1	2	6				1032	20	1043	20	20|5			0|86;1|86;20|86	ZhenQi|3000	Coin|40000	
22	Mệnh Môn	1	2	7				1033	20	1044	20	21|5			0|88;1|88;20|88	ZhenQi|4000	Coin|40000	
23	Yêu Du	1	2	7				1034	20	1045	20	22|5			0|88;1|88;20|88	ZhenQi|4000	Coin|40000	
24	Trường Cường	2	2	8	1	4804				1046	20	23|5			0|89;1|89;20|89	item|6150|1	ZhenQi|5000	Coin|40000
25	Khí Xung	1	3	9				1047	20	1058	20				0|90;1|90;20|90	ZhenQi|3000	Coin|40000	
26	Hoành Cốt	1	3	9				1048	20	1059	20	25|5			0|91;1|91;20|91	ZhenQi|3000	Coin|40000	
27	Đại Hách	1	3	9				1049	20	1060	20	26|5			0|92;1|92;20|92	ZhenQi|3000	Coin|40000	
28	Khí Huyệt	1	3	9				1050	20	1061	20	27|5			0|93;1|93;20|93	ZhenQi|3000	Coin|40000	
29	Tứ Mãn	1	3	9				1051	20	1062	20	28|5			0|94;1|94;20|94	ZhenQi|3000	Coin|40000	
30	Trung Chú	1	3	9				1052	20	1063	20	29|5			0|95;1|95;20|95	ZhenQi|3000	Coin|40000	
31	Hoang Du	1	3	10				1053	20	1064	20	30|5			0|95;1|95;20|95	ZhenQi|4000	Coin|40000	
32	Thương Khúc	1	3	10				1054	20	1065	20	31|5			0|95;1|95;20|95	ZhenQi|4000	Coin|40000	
33	Thạch Quan	1	3	11				1055	20	1066	20	32|5			0|96;1|96;20|96	ZhenQi|6000	Coin|40000	
34	Âm Đô	1	3	11				1056	20	1067	20	33|5			0|97;1|97;20|97	ZhenQi|6000	Coin|40000	
35	Thông Cốc	1	3	11				1057	20	1068	20	34|5			0|98;1|98;20|98	ZhenQi|6000	Coin|40000	
36	U Môn	2	3	12	1	4807				1069	20	35|5			0|99;1|99;20|99	item|6276|1	ZhenQi|6000	Coin|40000
37	Thân Mạch	1	4	13				1070	20	1081	20				0|100;1|100;20|100	ZhenQi|4000	Coin|40000	
38	Bộc Tham	1	4	13				1071	20	1082	20	37|5			0|101;1|101;20|101	ZhenQi|4000	Coin|40000	
39	Phụ Dương	1	4	13				1072	20	1083	20	38|5			0|102;1|102;20|102	ZhenQi|4000	Coin|40000	
40	Cư Liêu	1	4	13				1073	20	1084	20	39|5			0|103;1|103;20|103	ZhenQi|4000	Coin|40000	
41	Nhi Du	1	4	14				1074	20	1085	20	40|5			0|104;1|104;20|104	ZhenQi|5000	Coin|40000	
42	Kiên Ngung	1	4	14				1075	20	1086	20	41|5			0|105;1|105;20|105	ZhenQi|5000	Coin|40000	
43	Cự Cốt	1	4	14				1076	20	1087	20	42|5			0|105;1|105;20|105	ZhenQi|5000	Coin|40000	
44	Thiên Liêu	1	4	14				1077	20	1088	20	43|5			0|105;1|105;20|105	ZhenQi|5000	Coin|40000	
45	Địa Thương	1	4	15				1078	20	1089	20	44|5			0|106;1|106;20|106	ZhenQi|5500	Coin|40000	
46	Cự Liêu	1	4	15				1079	20	1090	20	45|5			0|107;1|107;20|107	ZhenQi|5500	Coin|40000	
47	Thừa Khấp	1	4	15				1080	20	1091	20	46|5			0|108;1|108;20|108	ZhenQi|5500	Coin|40000	
48	Tinh Minh	2	4	16	1	4809				1092	20	47|5			0|109;1|109;20|109	item|6277|1	ZhenQi|6000	Coin|40000
49	Tinh Minh	1	5	17				1093	20	1104	20				0|110;1|110;20|110	ZhenQi|5000	Coin|40000	
50	Nhân Nghênh	1	5	17				1094	20	1105	20	49|5			0|111;1|111;20|111	ZhenQi|5000	Coin|40000	
51	Bàn Khuyết	1	5	17				1095	20	1106	20	50|5			0|112;1|112;20|112	ZhenQi|5000	Coin|40000	
52	Nhũ Căn	1	5	17				1096	20	1107	20	51|5			0|113;1|113;20|113	ZhenQi|5000	Coin|40000	
53	Khí Xung	1	5	17				1097	20	1108	20	52|5			0|114;1|114;20|114	ZhenQi|5000	Coin|40000	
54	Hoành Cốt	1	5	18				1098	20	1109	20	53|5			0|115;1|115;20|115	ZhenQi|6000	Coin|40000	
55	Âm Cốc	1	5	18				1099	20	1110	20	54|5			0|115;1|115;20|115	ZhenQi|6000	Coin|40000	
56	Giao Tín	1	5	18				1100	20	1111	20	55|5			0|115;1|115;20|115	ZhenQi|6000	Coin|40000	
57	Thủy Tuyền	1	5	19				1101	20	1112	20	56|5			0|116;1|116;20|116	ZhenQi|6500	Coin|40000	
58	Chiếu Vực	1	5	19				1102	20	1113	20	57|5			0|117;1|117;20|117	ZhenQi|6500	Coin|40000	
59	Nhiên Cốc	1	5	19				1103	20	1114	20	58|5			0|118;1|118;20|118	ZhenQi|6500	Coin|40000	
60	Công Tôn	2	5	20	1	4811				1115	20	59|5			0|119;1|119;20|119	item|6278|1	ZhenQi|7000	Coin|40000
61	Á Môn	1	6	21				1116	20	1127	20				0|120;1|120;20|120	ZhenQi|6000	Coin|40000	
62	Kiên Tĩnh	1	6	21				1117	20	1128	20	61|5			0|121;1|121;20|121	ZhenQi|6000	Coin|40000	
63	Phong Phủ	1	6	21				1118	20	1129	20	62|5			0|122;1|122;20|122	ZhenQi|6000	Coin|40000	
64	Lâm Khấp	1	6	21				1119	20	1130	20	63|5			0|123;1|123;20|123	ZhenQi|6000	Coin|40000	
65	Chính Doanh	1	6	21				1120	20	1131	20	64|5			0|124;1|124;20|124	ZhenQi|6000	Coin|40000	
66	Kiên Liêu	1	6	22				1121	20	1132	20	65|5			0|125;1|125;20|125	ZhenQi|7000	Coin|40000	
67	Dương Bạch	1	6	22				1122	20	1133	20	66|5			0|125;1|125;20|125	ZhenQi|7000	Coin|40000	
68	Bản Thần	1	6	22				1123	20	1134	20	67|5			0|125;1|125;20|125	ZhenQi|7000	Coin|40000	
69	Cự Liêu	1	6	23				1124	20	1135	20	68|5			0|126;1|126;20|126	ZhenQi|7500	Coin|40000	
70	Nhu Du	1	6	23				1125	20	1136	20	69|5			0|127;1|127;20|127	ZhenQi|7500	Coin|40000	
71	Dương Giao	1	6	23				1126	20	1137	20	70|5			0|128;1|128;20|128	ZhenQi|7500	Coin|40000	
72	Kim Môn	2	6	24	1	4813				1138	20	71|5			0|129;1|129;20|129	item|6279|1	ZhenQi|8000	Coin|40000
