Level	LevelMin	FightPowerWeapon	FightPowerCloth	FightPowerJewelry	FightPowerArmor	ValueWeapon	ValueArmorCloth	ValueJewelry	ValueArmor	ConsumeItem	ConsumeCountWeapon	ConsumeCountCloth	ConsumeCountJewelry	ConsumeCountArmor	Probility	BreakItem	BreakCountWeapon	BreakCountCloth	BreakCountJewelry	BreakCountArmor
0	1	0	0	0	0	0	0	0	0	crystal_1	5	3	2	1	1000					
1	1	25	15	10	5	25000	15000	10000	5000	crystal_1	5	3	2	1	1000					
2	1	50	30	20	10	50000	30000	20000	10000	crystal_1	5	3	2	1	950					
3	1	76	45	30	15	76315	45789	30526	15263	crystal_1	5	3	2	1	950					
4	1	102	61	41	20	102631	61578	41052	20526	crystal_1	5	3	2	1	900					
5	1	130	78	52	26	130409	78245	52163	26081	crystal_1	5	3	2	1	900					
6	1	158	94	63	31	158187	94912	63274	31637	crystal_1	5	3	2	1	850					
7	1	187	112	75	37	187598	112559	75039	37519	crystal_1	5	3	2	1	850					
8	1	217	130	86	43	217010	130206	86804	43402	crystal_1	5	3	2	1	800					
9	1	248	148	99	49	248260	148956	99304	49652	crystal_1	5	3	2	1	800					
10	1	279	167	111	55	279510	167706	111804	55902	crystal_1	5	3	2	1	750					
11	1	312	187	125	62	312843	187706	125137	62568	crystal_1	5	3	2	1	750					
12	1	346	207	138	69	346177	207706	138470	69235	crystal_1	5	3	2	1	700					
13	1	381	229	152	76	381891	229134	152756	76378	crystal_1	5	3	2	1	700					
14	1	417	250	167	83	417605	250563	167042	83521	crystal_1	5	3	2	1	600					
15	1	459	275	183	91	459272	275563	183709	91854	crystal_1	5	3	2	1	600					
16	1	500	300	200	100	500939	300563	200375	100187	crystal_1	5	3	2	1	500					
17	1	550	330	220	110	550939	330563	220375	110187	crystal_1	5	3	2	1	500					
18	1	600	360	240	120	600939	360563	240375	120187	crystal_1	5	3	2	1	400					
19	1	663	398	265	132	663439	398063	265375	132687	crystal_1	5	3	2	1	400					
20	2	725	435	290	145	725939	435563	290375	145187	crystal_2	5	3	2	1	1000	mystery_stone_1	5	3	2	1
21	2	825	495	330	165	825939	495563	330375	165187	crystal_2	5	3	2	1	1000					
22	2	925	555	370	185	925939	555563	370375	185187	crystal_2	5	3	2	1	950					
23	2	1031	618	412	206	1031202	618721	412480	206240	crystal_2	5	3	2	1	950					
24	2	1136	681	454	227	1136465	681879	454586	227293	crystal_2	5	3	2	1	900					
25	2	1247	748	499	249	1247576	748545	499030	249515	crystal_2	5	3	2	1	900					
26	2	1358	815	543	271	1358687	815212	543475	271737	crystal_2	5	3	2	1	850					
27	2	1476	885	590	295	1476334	885800	590533	295266	crystal_2	5	3	2	1	850					
28	2	1593	956	637	318	1593981	956389	637592	318796	crystal_2	5	3	2	1	800					
29	2	1718	1031	687	343	1718981	1031389	687592	343796	crystal_2	5	3	2	1	800					
30	2	1843	1106	737	368	1843981	1106389	737592	368796	crystal_2	5	3	2	1	750					
31	2	1977	1186	790	395	1977315	1186389	790926	395463	crystal_2	5	3	2	1	750					
32	2	2110	1266	844	422	2110648	1266389	844259	422129	crystal_2	5	3	2	1	700					
33	2	2253	1352	901	450	2253505	1352103	901402	450701	crystal_2	5	3	2	1	700					
34	2	2396	1437	958	479	2396362	1437817	958545	479272	crystal_2	5	3	2	1	600					
35	2	2563	1537	1025	512	2563029	1537817	1025211	512605	crystal_2	5	3	2	1	600					
36	2	2729	1637	1091	545	2729696	1637817	1091878	545939	crystal_2	5	3	2	1	500					
37	2	2929	1757	1171	585	2929696	1757817	1171878	585939	crystal_2	5	3	2	1	500					
38	2	3129	1877	1251	625	3129696	1877817	1251878	625939	crystal_2	5	3	2	1	400					
39	2	3379	2027	1351	675	3379696	2027817	1351878	675939	crystal_2	5	3	2	1	400					
40	3	3629	2177	1451	725	3629696	2177817	1451878	725939	crystal_3	5	3	2	1	900	mystery_stone_2	5	3	2	1
41	3	4074	2444	1629	814	4074140	2444484	1629656	814828	crystal_3	5	3	2	1	900					
42	3	4518	2711	1807	903	4518585	2711151	1807434	903717	crystal_3	5	3	2	1	850					
43	3	4989	2993	1995	997	4989173	2993503	1995669	997834	crystal_3	5	3	2	1	850					
44	3	5459	3275	2183	1091	5459761	3275856	2183904	1091952	crystal_3	5	3	2	1	800					
45	3	5959	3575	2383	1191	5959761	3575856	2383904	1191952	crystal_3	5	3	2	1	800					
46	3	6459	3875	2583	1291	6459761	3875856	2583904	1291952	crystal_3	5	3	2	1	750					
47	3	6993	4195	2797	1398	6993094	4195856	2797237	1398618	crystal_3	5	3	2	1	750					
48	3	7526	4515	3010	1505	7526428	4515856	3010571	1505285	crystal_3	5	3	2	1	700					
49	3	8097	4858	3239	1619	8097856	4858714	3239142	1619571	crystal_3	5	3	2	1	700					
50	4	8669	5201	3467	1733	8669285	5201571	3467714	1733857	crystal_3	5	3	2	1	600					
51	4	9335	5601	3734	1867	9335952	5601571	3734380	1867190	crystal_3	5	3	2	1	600					
52	4	10002	6001	4001	2000	10002618	6001571	4001047	2000523	crystal_3	5	3	2	1	500					
53	4	10802	6481	4321	2160	10802618	6481571	4321047	2160523	crystal_3	5	3	2	1	500					
54	4	11602	6961	4641	2320	11602618	6961571	4641047	2320523	crystal_3	5	3	2	1	400					
55	4	12602	7561	5041	2520	12602618	7561571	5041047	2520523	crystal_3	5	3	2	1	400					
56	4	13602	8161	5441	2720	13602618	8161571	5441047	2720523	crystal_3	5	3	2	1	300					
57	4	14935	8961	5974	2987	14935952	8961571	5974380	2987190	crystal_3	5	3	2	1	300					
58	4	16269	9761	6507	3253	16269285	9761571	6507714	3253857	crystal_3	5	3	2	1	250					
59	4	17869	10721	7147	3573	17869285	10721571	7147714	3573857	crystal_3	5	3	2	1	250					
60	5	19469	11681	7787	3893	19469285	11681571	7787714	3893857	crystal_4	5	3	2	1	900	mystery_stone_3	5	3	2	1
61	5	21247	12748	8498	4249	21247063	12748237	8498825	4249412	crystal_4	5	3	2	1	900					
62	5	23024	13814	9209	4604	23024840	13814904	9209936	4604968	crystal_4	5	3	2	1	850					
63	5	24907	14944	9962	4981	24907193	14944316	9962877	4981438	crystal_4	5	3	2	1	850					
64	5	26789	16073	10715	5357	26789546	16073728	10715818	5357909	crystal_4	5	3	2	1	800					
65	5	28789	17273	11515	5757	28789546	17273728	11515818	5757909	crystal_4	5	3	2	1	800					
66	5	30789	18473	12315	6157	30789546	18473728	12315818	6157909	crystal_4	5	3	2	1	750					
67	5	32922	19753	13169	6584	32922880	19753728	13169152	6584576	crystal_4	5	3	2	1	750					
68	5	35056	21033	14022	7011	35056213	21033728	14022485	7011242	crystal_4	5	3	2	1	700					
69	5	37341	22405	14936	7468	37341927	22405156	14936771	7468385	crystal_4	5	3	2	1	700					
70	6	39627	23776	15851	7925	39627642	23776585	15851056	7925528	crystal_4	5	3	2	1	600					
71	6	42294	25376	16917	8458	42294308	25376585	16917723	8458861	crystal_4	5	3	2	1	600					
72	6	44960	26976	17984	8992	44960975	26976585	17984390	8992195	crystal_4	5	3	2	1	500					
73	6	48160	28896	19264	9632	48160975	28896585	19264390	9632195	crystal_4	5	3	2	1	500					
74	6	51360	30816	20544	10272	51360975	30816585	20544390	10272195	crystal_4	5	3	2	1	400					
75	6	55360	33216	22144	11072	55360975	33216585	22144390	11072195	crystal_4	5	3	2	1	400					
76	6	59360	35616	23744	11872	59360975	35616585	23744390	11872195	crystal_4	5	3	2	1	300					
77	6	64694	38816	25877	12938	64694308	38816585	25877723	12938861	crystal_4	5	3	2	1	300					
78	6	70027	42016	28011	14005	70027642	42016585	28011056	14005528	crystal_4	5	3	2	1	250					
79	6	76427	45856	30571	15285	76427642	45856585	30571056	15285528	crystal_4	5	3	2	1	250					
80	7	82827	49696	33131	16565	82827642	49696585	33131056	16565528	crystal_5	5	3	2	1	850	mystery_stone_4	5	3	2	1
81	7	90357	54214	36142	18071	90357053	54214232	36142821	18071410	crystal_5	5	3	2	1	550					
82	7	97886	58731	39154	19577	97886465	58731879	39154586	19577293	crystal_5	5	3	2	1	550					
83	7	105886	63531	42354	21177	105886465	63531879	42354586	21177293	crystal_5	5	3	2	1	550					
84	7	113886	68331	45554	22777	113886465	68331879	45554586	22777293	crystal_5	5	3	2	1	550					
85	7	122419	73451	48967	24483	122419798	73451879	48967919	24483959	crystal_5	5	3	2	1	550					
86	7	130953	78571	52381	26190	130953132	78571879	52381252	26190626	crystal_5	5	3	2	1	550					
87	7	140095	84057	56038	28019	140095989	84057593	56038395	28019197	crystal_5	5	3	2	1	550					
88	7	149238	89543	59695	29847	149238846	89543307	59695538	29847769	crystal_5	5	3	2	1	550					
89	7	159905	95943	63962	31981	159905513	95943307	63962205	31981102	crystal_5	5	3	2	1	550					
90	8	170572	102343	68228	34114	170572179	102343307	68228871	34114435	crystal_5	5	3	2	1	550					
91	8	183372	110023	73348	36674	183372179	110023307	73348871	36674435	crystal_5	5	3	2	1	550					
92	8	196172	117703	78468	39234	196172179	117703307	78468871	39234435	crystal_5	5	3	2	1	550					
93	8	212172	127303	84868	42434	212172179	127303307	84868871	42434435	crystal_5	5	3	2	1	550					
94	8	228172	136903	91268	45634	228172179	136903307	91268871	45634435	crystal_5	5	3	2	1	550					
95	8	246457	147874	98583	49291	246457894	147874736	98583157	49291578	crystal_5	5	3	2	1	550					
96	8	264743	158846	105897	52948	264743608	158846165	105897443	52948721	crystal_5	5	3	2	1	550					
97	8	286076	171646	114430	57215	286076941	171646165	114430776	57215388	crystal_5	5	3	2	1	550					
98	8	307410	184446	122964	61482	307410275	184446165	122964110	61482055	crystal_5	5	3	2	1	550					
99	8	333010	199806	133204	66602	333010275	199806165	133204110	66602055	crystal_5	5	3	2	1	550					
100	10	358610	215166	143444	71722	358610275	215166165	143444110	71722055	crystal_7	5	3	2	1	1000	mystery_stone_5	5	3	2	1
101	10	384210	230526	153684	76842	384210275	230526165	153684110	76842055	crystal_7	5	3	2	1	450					
102	10	409810	245886	163924	81962	409810275	245886165	163924110	81962055	crystal_7	5	3	2	1	450					
103	10	435410	261246	174164	87082	435410275	261246165	174164110	87082055	crystal_7	5	3	2	1	450					
104	10	461010	276606	184404	92202	461010275	276606165	184404110	92202055	crystal_7	5	3	2	1	450					
105	10	486610	291966	194644	97322	486610275	291966165	194644110	97322055	crystal_7	5	3	2	1	450					
106	10	518610	311166	207444	103722	518610275	311166165	207444110	103722055	crystal_7	5	3	2	1	450					
107	10	550610	330366	220244	110122	550610275	330366165	220244110	110122055	crystal_7	5	3	2	1	450					
108	10	582610	349566	233044	116522	582610275	349566165	233044110	116522055	crystal_7	5	3	2	1	450					
109	10	614610	368766	245844	122922	614610275	368766165	245844110	122922055	crystal_7	5	3	2	1	450					
110	12	646610	387966	258644	129322	646610275	387966165	258644110	129322055	crystal_7	5	3	2	1	450					
111	12	678610	407166	271444	135722	678610275	407166165	271444110	135722055	crystal_7	5	3	2	1	450					
112	12	710610	426366	284244	142122	710610275	426366165	284244110	142122055	crystal_7	5	3	2	1	450					
113	12	742610	445566	297044	148522	742610275	445566165	297044110	148522055	crystal_7	5	3	2	1	450					
114	12	774610	464766	309844	154922	774610275	464766165	309844110	154922055	crystal_7	5	3	2	1	450					
115	12	806610	483966	322644	161322	806610275	483966165	322644110	161322055	crystal_7	5	3	2	1	450					
116	12	849276	509566	339710	169855	849276940	509566164	339710776	169855388	crystal_7	5	3	2	1	450					
117	12	891943	535166	356777	178388	891943605	535166163	356777442	178388721	crystal_7	5	3	2	1	450					
118	12	934610	560766	373844	186922	934610275	560766165	373844110	186922055	crystal_7	5	3	2	1	450					
119	12	977276	586366	390910	195455	977276940	586366164	390910776	195455388	crystal_7	5	3	2	1	450					
120	12	1019943	611966	407977	203988	1019943605	611966163	407977442	203988721	crystal_7	5	3	2	1	1000					
121	13	1062610	637566	425044	212521	1062610270	637566162	425044108	212522054	crystal_7	5	3	2	1	350					
122	13	1105277	663166	442111	221054	1105276935	663166161	442110774	221055387	crystal_7	5	3	2	1	350					
123	13	1147944	688766	459178	229587	1147943600	688766160	459177440	229588720	crystal_7	5	3	2	1	350					
124	13	1190611	714366	476245	238120	1190610265	714366159	476244106	238122053	crystal_7	5	3	2	1	350					
125	13	1233278	739966	493312	246653	1233276930	739966158	493310772	246655386	crystal_7	5	3	2	1	350					
126	13	1275945	765566	510379	255186	1275943595	765566157	510377438	255188719	crystal_7	5	3	2	1	350					
127	13	1318612	791166	527446	263719	1318610260	791166156	527444104	263722052	crystal_7	5	3	2	1	350					
128	13	1361279	816766	544513	272252	1361276925	816766155	544510770	272255385	crystal_7	5	3	2	1	350					
129	13	1403946	842366	561580	280785	1403943590	842366154	561577436	280788718	crystal_7	5	3	2	1	350					
130	13	1446613	867966	578647	289318	1446610255	867966153	578644102	289322051	crystal_7	5	3	2	1	350					
131	13	1489280	893566	595714	297851	1489276920	893566152	595710768	297855384	crystal_7	5	3	2	1	350					
132	13	1531947	919166	612781	306384	1531943585	919166151	612777434	306388717	crystal_7	5	3	2	1	350					
133	13	1574614	944766	629848	314917	1574610250	944766150	629844100	314922050	crystal_7	5	3	2	1	350					
134	13	1617281	970366	646915	323450	1617276915	970366149	646910766	323455383	crystal_7	5	3	2	1	350					
135	13	1659948	995966	663982	331983	1659943580	995966148	663977432	331988716	crystal_7	5	3	2	1	350					
136	13	1702615	1021566	681049	340516	1702610245	1021566147	681044098	340522049	crystal_7	5	3	2	1	350					
137	13	1745282	1047166	698116	349049	1745276910	1047166146	698110764	349055382	crystal_7	5	3	2	1	350					
138	13	1787949	1072766	715183	357582	1787943575	1072766145	715177430	357588715	crystal_7	5	3	2	1	350					
139	13	1830616	1098366	732250	366115	1830610240	1098366144	732244096	366122048	crystal_7	5	3	2	1	350					
140	13	1873283	1123966	749317	374648	1873276905	1123966143	749310762	374655381	crystal_7	5	3	2	1	1000					
141	13	1915950	1149566	766384	383181	1915943570	1149566142	766377428	383188714	crystal_7	5	3	2	1	250					
142	13	1958617	1175166	783451	391714	1958610235	1175166141	783444094	391722047	crystal_7	5	3	2	1	250					
143	13	2001284	1200766	800518	400247	2001276900	1200766140	800510760	400255380	crystal_7	5	3	2	1	250					
144	13	2043951	1226366	817585	408780	2043943565	1226366139	817577426	408788713	crystal_7	5	3	2	1	250					
145	13	2086618	1251966	834652	417313	2086610230	1251966138	834644092	417322046	crystal_7	5	3	2	1	250					
146	13	2129285	1277566	851719	425846	2129276895	1277566137	851710758	425855379	crystal_7	5	3	2	1	250					
147	13	2171952	1303166	868786	434379	2171943560	1303166136	868777424	434388712	crystal_7	5	3	2	1	250					
148	13	2214619	1328766	885853	442912	2214610225	1328766135	885844090	442922045	crystal_7	5	3	2	1	250					
149	13	2257286	1354366	902920	451445	2257276890	1354366134	902910756	451455378	crystal_7	5	3	2	1	250					
150	13	2299953	1379966	919987	459978	2299943555	1379966133	919977422	459988711	crystal_7	5	3	2	1	1000					
151	13	2342620	1405566	937054	468511	2342610220	1405566132	937044088	468522044	crystal_7	10	6	4	1	150					
152	13	2385287	1431166	954121	477044	2385276885	1431166131	954110754	477055377	crystal_7	10	6	4	1	150					
153	13	2427954	1456766	971188	485577	2427943550	1456766130	971177420	485588710	crystal_7	10	6	4	1	150					
154	13	2470621	1482366	988255	494110	2470610215	1482366129	988244086	494122043	crystal_7	10	6	4	1	150					
155	13	2513288	1507966	1005322	502643	2513276880	1507966128	1005310752	502655376	crystal_7	10	6	4	1	150					
156	13	2555955	1533566	1022389	511176	2555943545	1533566127	1022377418	511188709	crystal_7	10	6	4	1	150					
157	13	2598622	1559166	1039456	519709	2598610210	1559166126	1039444084	519722042	crystal_7	10	6	4	1	150					
158	13	2641289	1584766	1056523	528242	2641276875	1584766125	1056510750	528255375	crystal_7	10	6	4	1	150					
159	13	2683956	1610366	1073590	536775	2683943540	1610366124	1073577416	536788708	crystal_7	10	6	4	1	150					
160	13	2726623	1635966	1090657	545308	2726610205	1635966123	1090644082	545322041	crystal_7	10	6	4	1	1000					
161	13	2769290	1661566	1107724	553841	2769276870	1661566122	1107710748	553855374	crystal_7	20	12	8	1	150					
162	13	2811957	1687166	1124791	562374	2811943535	1687166121	1124777414	562388707	crystal_7	20	12	8	1	150					
163	13	2854624	1712766	1141858	570907	2854610200	1712766120	1141844080	570922040	crystal_7	20	12	8	1	150					
164	13	2897291	1738366	1158925	579440	2897276865	1738366119	1158910746	579455373	crystal_7	20	12	8	1	150					
165	13	2939958	1763966	1175992	587973	2939943530	1763966118	1175977412	587988706	crystal_7	20	12	8	1	150					
166	13	2982625	1789566	1193059	596506	2982610195	1789566117	1193044078	596522039	crystal_7	20	12	8	1	150					
167	13	3025292	1815166	1210126	605039	3025276860	1815166116	1210110744	605055372	crystal_7	20	12	8	1	150					
168	13	3067959	1840766	1227193	613572	3067943525	1840766115	1227177410	613588705	crystal_7	20	12	8	1	150					
169	13	3110626	1866366	1244260	622105	3110610190	1866366114	1244244076	622122038	crystal_7	20	12	8	1	150					
170	13	3153293	1891966	1261327	630638	3153276855	1891966113	1261310742	630655371	crystal_7	20	12	8	1	1000					
171	13	3195960	1917566	1278394	639171	3195943520	1917566112	1278377408	639188704	crystal_7	20	12	8	1	100					
172	13	3238627	1943166	1295461	647704	3238610185	1943166111	1295444074	647722037	crystal_7	20	12	8	1	100					
173	13	3281294	1968766	1312528	656237	3281276850	1968766110	1312510740	656255370	crystal_7	20	12	8	1	100					
174	13	3323961	1994366	1329595	664770	3323943515	1994366109	1329577406	664788703	crystal_7	20	12	8	1	100					
175	13	3366628	2019966	1346662	673303	3366610180	2019966108	1346644072	673322036	crystal_7	20	12	8	1	100					
176	13	3409295	2045566	1363729	681836	3409276845	2045566107	1363710738	681855369	crystal_7	20	12	8	1	100					
177	13	3451962	2071166	1380796	690369	3451943510	2071166106	1380777404	690388702	crystal_7	20	12	8	1	100					
178	13	3494629	2096766	1397863	698902	3494610175	2096766105	1397844070	698922035	crystal_7	20	12	8	1	100					
179	13	3537296	2122366	1414930	707435	3537276840	2122366104	1414910736	707455368	crystal_7	20	12	8	1	100					
180	13	3579963	2147966	1431997	715968	3579943505	2147966103	1431977402	715988701	crystal_7	20	12	8	1	100					
181	13	3622630	2173566	1449064	724501	3622610170	2173566102	1449044068	724522034	crystal_7	30	24	16	1	100					
182	13	3665297	2199166	1466131	733034	3665276835	2199166101	1466110734	733055367	crystal_7	30	24	16	1	100					
183	13	3707964	2224766	1483198	741567	3707943500	2224766100	1483177400	741588700	crystal_7	30	24	16	1	100					
184	13	3750631	2250366	1500265	750100	3750610165	2250366099	1500244066	750122033	crystal_7	30	24	16	1	100					
185	13	3793298	2275966	1517332	758633	3793276830	2275966098	1517310732	758655366	crystal_7	30	24	16	1	100					
186	13	3835965	2301566	1534399	767166	3835943495	2301566097	1534377398	767188699	crystal_7	30	24	16	1	100					
187	13	3878632	2327166	1551466	775699	3878610160	2327166096	1551444064	775722032	crystal_7	30	24	16	1	100					
188	13	3921299	2352766	1568533	784232	3921276825	2352766095	1568510730	784255365	crystal_7	30	24	16	1	100					
189	13	3963966	2378366	1585600	792765	3963943490	2378366094	1585577396	792788698	crystal_7	30	24	16	1	100					
190	13	4006633	2403966	1602667	801298	4006610155	2403966093	1602644062	801322031	crystal_7	30	24	16	1	1000					
191	13	4049300	2429566	1619734	809831	4049276820	2429566092	1619710728	809855364	crystal_7	30	24	16	1	50					
192	13	4091967	2455166	1636801	818364	4091943485	2455166091	1636777394	818388697	crystal_7	30	24	16	1	50					
193	13	4134634	2480766	1653868	826897	4134610150	2480766090	1653844060	826922030	crystal_7	30	24	16	1	50					
194	13	4177301	2506366	1670935	835430	4177276815	2506366089	1670910726	835455363	crystal_7	30	24	16	1	50					
195	13	4219968	2531966	1688002	843963	4219943480	2531966088	1687977392	843988696	crystal_7	30	24	16	1	50					
196	13	4262635	2557566	1705069	852496	4262610145	2557566087	1705044058	852522029	crystal_7	30	24	16	1	50					
197	13	4305302	2583166	1722136	861029	4305276810	2583166086	1722110724	861055362	crystal_7	30	24	16	1	50					
198	13	4347969	2608766	1739203	869562	4347943475	2608766085	1739177390	869588695	crystal_7	30	24	16	1	50					
199	13	4390636	2634366	1756270	878095	4390610140	2634366084	1756244056	878122028	crystal_7	30	24	16	1	50					
200	13	4433303	2659966	1773337	886628	4433276805	2659966083	1773310722	886655361	crystal_7	30	24	16	1	1000					
201	13	4475970	2685566	1790404	895161	4475943470	2685566082	1790377388	895188694	crystal_7	40	30	30	1	100					
202	13	4518637	2711166	1807471	903694	4518610135	2711166081	1807444054	903722027	crystal_7	40	30	30	1	100					
203	13	4561304	2736766	1824538	912227	4561276800	2736766080	1824510720	912255360	crystal_7	40	30	30	1	100					
204	13	4603971	2762366	1841605	920760	4603943465	2762366079	1841577386	920788693	crystal_7	40	30	30	1	100					
205	13	4646638	2787966	1858672	929293	4646610130	2787966078	1858644052	929322026	crystal_7	40	30	30	1	100					
206	13	4689305	2813566	1875739	937826	4689276795	2813566077	1875710718	937855359	crystal_7	40	30	30	1	100					
207	13	4731972	2839166	1892806	946359	4731943460	2839166076	1892777384	946388692	crystal_7	40	30	30	1	100					
208	13	4774639	2864766	1909873	954892	4774610125	2864766075	1909844050	954922025	crystal_7	40	30	30	1	100					
209	13	4817306	2890366	1926940	963425	4817276790	2890366074	1926910716	963455358	crystal_7	40	30	30	1	100					
210	13	4859973	2915966	1944007	971958	4859943455	2915966073	1943977382	971988691	crystal_7	40	30	30	1	100					
211	13	4902640	2941566	1961074	980491	4902610120	2941566072	1961044048	980522024	crystal_7	40	30	30	1	100					
212	13	4945307	2967166	1978141	989024	4945276785	2967166071	1978110714	989055357	crystal_7	40	30	30	1	100					
213	13	4987974	2992766	1995208	997557	4987943450	2992766070	1995177380	997588690	crystal_7	40	30	30	1	100					
214	13	5030641	3018366	2012275	1006090	5030610115	3018366069	2012244046	1006122023	crystal_7	40	30	30	1	100					
215	13	5073308	3043966	2029342	1014623	5073276780	3043966068	2029310712	1014655356	crystal_7	40	30	30	1	100					
216	13	5115975	3069566	2046409	1023156	5115943445	3069566067	2046377378	1023188689	crystal_7	40	30	30	1	100					
217	13	5158642	3095166	2063476	1031689	5158610110	3095166066	2063444044	1031722022	crystal_7	40	30	30	1	100					
218	13	5201309	3120766	2080543	1040222	5201276775	3120766065	2080510710	1040255355	crystal_7	40	30	30	1	100					
219	13	5243976	3146366	2097610	1048755	5243943440	3146366064	2097577376	1048788688	crystal_7	40	30	30	1	100					
220	13	5286643	3171966	2114677	1057288	5286610105	3171966063	2114644042	1057322021	crystal_7	40	30	30	1	100					
221	13	5329310	3197566	2131744	1065821	5329276770	3197566062	2131710708	1065855354	crystal_7	40	30	30	1	100					
222	13	5371977	3223166	2148811	1074354	5371943435	3223166061	2148777374	1074388687	crystal_7	40	30	30	1	100					
223	13	5414644	3248766	2165878	1082887	5414610100	3248766060	2165844040	1082922020	crystal_7	40	30	30	1	100					
224	13	5457311	3274366	2182945	1091420	5457276765	3274366059	2182910706	1091455353	crystal_7	40	30	30	1	100					
225	13	5499978	3299966	2200012	1099953	5499943430	3299966058	2199977372	1099988686	crystal_7	40	30	30	1	100					
226	13	5542645	3325566	2217079	1108486	5542610095	3325566057	2217044038	1108522019	crystal_7	40	30	30	1	100					
227	13	5585312	3351166	2234146	1117019	5585276760	3351166056	2234110704	1117055352	crystal_7	40	30	30	1	100					
228	13	5627979	3376766	2251213	1125552	5627943425	3376766055	2251177370	1125588685	crystal_7	40	30	30	1	100					
229	13	5670646	3402366	2268280	1134085	5670610090	3402366054	2268244036	1134122018	crystal_7	40	30	30	1	100					
230	13	5713313	3427966	2285347	1142618	5713276755	3427966053	2285310702	1142655351	crystal_7	40	30	30	1	100					
231	13	5755980	3453566	2302414	1151151	5755943420	3453566052	2302377368	1151188684	crystal_7	40	30	30	1	100					
232	13	5798647	3479166	2319481	1159684	5798610085	3479166051	2319444034	1159722017	crystal_7	40	30	30	1	100					
233	13	5841314	3504766	2336548	1168217	5841276750	3504766050	2336510700	1168255350	crystal_7	40	30	30	1	100					
234	13	5883981	3530366	2353615	1176750	5883943415	3530366049	2353577366	1176788683	crystal_7	40	30	30	1	100					
235	13	5926648	3555966	2370682	1185283	5926610080	3555966048	2370644032	1185322016	crystal_7	40	30	30	1	100					
236	13	5969315	3581566	2387749	1193816	5969276745	3581566047	2387710698	1193855349	crystal_7	40	30	30	1	100					
237	13	6011982	3607166	2404816	1202349	6011943410	3607166046	2404777364	1202388682	crystal_7	40	30	30	1	100					
238	13	6054649	3632766	2421883	1210882	6054610075	3632766045	2421844030	1210922015	crystal_7	40	30	30	1	100					
239	13	6097316	3658366	2438950	1219415	6097276740	3658366044	2438910696	1219455348	crystal_7	40	30	30	1	100					
240	13	6139983	3683966	2456017	1227948	6139943405	3683966043	2455977362	1227988681	crystal_7	40	30	30	1	100					
241	13	6182650	3709566	2473084	1236481	6182610070	3709566042	2473044028	1236522014	crystal_7	40	30	30	1	100					
242	13	6225317	3735166	2490151	1245014	6225276735	3735166041	2490110694	1245055347	crystal_7	40	30	30	1	100					
243	13	6267984	3760766	2507218	1253547	6267943400	3760766040	2507177360	1253588680	crystal_7	40	30	30	1	100					
244	13	6310651	3786366	2524285	1262080	6310610065	3786366039	2524244026	1262122013	crystal_7	40	30	30	1	100					
245	13	6353318	3811966	2541352	1270613	6353276730	3811966038	2541310692	1270655346	crystal_7	40	30	30	1	100					
246	13	6395985	3837566	2558419	1279146	6395943395	3837566037	2558377358	1279188679	crystal_7	40	30	30	1	100					
247	13	6438652	3863166	2575486	1287679	6438610060	3863166036	2575444024	1287722012	crystal_7	40	30	30	1	100					
248	13	6481319	3888766	2592553	1296212	6481276725	3888766035	2592510690	1296255345	crystal_7	40	30	30	1	100					
249	13	6523986	3914366	2609620	1304745	6523943390	3914366034	2609577356	1304788678	crystal_7	40	30	30	1	100					
250	13	6566653	3939966	2626687	1313278	6566610055	3939966033	2626644022	1313322011	crystal_7	40	30	30	1	100					
251	13	6609320	3965566	2643754	1321811	6609276720	3965566032	2643710688	1321855344	crystal_7	40	30	30	1	100					
252	13	6651987	3991166	2660821	1330344	6651943385	3991166031	2660777354	1330388677	crystal_7	40	30	30	1	100					
253	13	6694654	4016766	2677888	1338877	6694610050	4016766030	2677844020	1338922010	crystal_7	40	30	30	1	100					
254	13	6737321	4042366	2694955	1347410	6737276715	4042366029	2694910686	1347455343	crystal_7	40	30	30	1	100					
255	13	6779988	4067966	2712022	1355943	6779943380	4067966028	2711977352	1355988676	crystal_7	40	30	30	1	100					
256	13	6822655	4093566	2729089	1364476	6822610045	4093566027	2729044018	1364522009	crystal_7	40	30	30	1	100					
257	13	6865322	4119166	2746156	1373009	6865276710	4119166026	2746110684	1373055342	crystal_7	40	30	30	1	100					
258	13	6907989	4144766	2763223	1381542	6907943375	4144766025	2763177350	1381588675	crystal_7	40	30	30	1	100					
259	13	6950656	4170366	2780290	1390075	6950610040	4170366024	2780244016	1390122008	crystal_7	40	30	30	1	100					
260	13	6993323	4195966	2797357	1398608	6993276705	4195966023	2797310682	1398655341	crystal_7	40	30	30	1	100					
261	13	7035990	4221566	2814424	1407141	7035943370	4221566022	2814377348	1407188674	crystal_7	40	30	30	1	100					
262	13	7078657	4247166	2831491	1415674	7078610035	4247166021	2831444014	1415722007	crystal_7	40	30	30	1	100					
263	13	7121324	4272766	2848558	1424207	7121276700	4272766020	2848510680	1424255340	crystal_7	40	30	30	1	100					
264	13	7163991	4298366	2865625	1432740	7163943365	4298366019	2865577346	1432788673	crystal_7	40	30	30	1	100					
265	13	7206658	4323966	2882692	1441273	7206610030	4323966018	2882644012	1441322006	crystal_7	40	30	30	1	100					
266	13	7249325	4349566	2899759	1449806	7249276695	4349566017	2899710678	1449855339	crystal_7	40	30	30	1	100					
267	13	7291992	4375166	2916826	1458339	7291943360	4375166016	2916777344	1458388672	crystal_7	40	30	30	1	100					
268	13	7334659	4400766	2933893	1466872	7334610025	4400766015	2933844010	1466922005	crystal_7	40	30	30	1	100					
269	13	7377326	4426366	2950960	1475405	7377276690	4426366014	2950910676	1475455338	crystal_7	40	30	30	1	100					
270	13	7419993	4451966	2968027	1483938	7419943355	4451966013	2967977342	1483988671	crystal_7	40	30	30	1	100					
271	13	7462660	4477566	2985094	1492471	7462610020	4477566012	2985044008	1492522004	crystal_7	40	30	30	1	100					
272	13	7505327	4503166	3002161	1501004	7505276685	4503166011	3002110674	1501055337	crystal_7	40	30	30	1	100					
273	13	7547994	4528766	3019228	1509537	7547943350	4528766010	3019177340	1509588670	crystal_7	40	30	30	1	100					
274	13	7590661	4554366	3036295	1518070	7590610015	4554366009	3036244006	1518122003	crystal_7	40	30	30	1	100					
275	13	7633328	4579966	3053362	1526603	7633276680	4579966008	3053310672	1526655336	crystal_7	40	30	30	1	100					
276	13	7675995	4605566	3070429	1535136	7675943345	4605566007	3070377338	1535188669	crystal_7	40	30	30	1	100					
277	13	7718662	4631166	3087496	1543669	7718610010	4631166006	3087444004	1543722002	crystal_7	40	30	30	1	100					
278	13	7761329	4656766	3104563	1552202	7761276675	4656766005	3104510670	1552255335	crystal_7	40	30	30	1	100					
279	13	7803996	4682366	3121630	1560735	7803943340	4682366004	3121577336	1560788668	crystal_7	40	30	30	1	100					
280	13	7846663	4707966	3138697	1569268	7846610005	4707966003	3138644002	1569322001	crystal_7	40	30	30	1	100					
281	13	7889330	4733566	3155764	1577801	7889276670	4733566002	3155710668	1577855334	crystal_7	40	30	30	1	100					
282	13	7931997	4759166	3172831	1586334	7931943335	4759166001	3172777334	1586388667	crystal_7	40	30	30	1	100					
283	13	7974664	4784766	3189898	1594867	7974610000	4784766000	3189844000	1594922000	crystal_7	40	30	30	1	100					
284	13	8017331	4810366	3206965	1603400	8017276665	4810365999	3206910666	1603455333	crystal_7	40	30	30	1	100					
285	13	8059998	4835966	3224032	1611933	8059943330	4835965998	3223977332	1611988666	crystal_7	40	30	30	1	100					
286	13	8102665	4861566	3241099	1620466	8102609995	4861565997	3241043998	1620521999	crystal_7	40	30	30	1	100					
287	13	8145332	4887166	3258166	1628999	8145276660	4887165996	3258110664	1629055332	crystal_7	40	30	30	1	100					
288	13	8187999	4912766	3275233	1637532	8187943325	4912765995	3275177330	1637588665	crystal_7	40	30	30	1	100					
289	13	8230666	4938366	3292300	1646065	8230609990	4938365994	3292243996	1646121998	crystal_7	40	30	30	1	100					
290	13	8273333	4963966	3309367	1654598	8273276655	4963965993	3309310662	1654655331	crystal_7	40	30	30	1	100					
291	13	8316000	4989566	3326434	1663131	8315943320	4989565992	3326377328	1663188664	crystal_7	40	30	30	1	100					
292	13	8358667	5015166	3343501	1671664	8358609985	5015165991	3343443994	1671721997	crystal_7	40	30	30	1	100					
293	13	8401334	5040766	3360568	1680197	8401276650	5040765990	3360510660	1680255330	crystal_7	40	30	30	1	100					
294	13	8444001	5066366	3377635	1688730	8443943315	5066365989	3377577326	1688788663	crystal_7	40	30	30	1	100					
295	13	8486668	5091966	3394702	1697263	8486609980	5091965988	3394643992	1697321996	crystal_7	40	30	30	1	100					
296	13	8529335	5117566	3411769	1705796	8529276645	5117565987	3411710658	1705855329	crystal_7	40	30	30	1	100					
297	13	8572002	5143166	3428836	1714329	8571943310	5143165986	3428777324	1714388662	crystal_7	40	30	30	1	100					
298	13	8614669	5168766	3445903	1722862	8614609975	5168765985	3445843990	1722921995	crystal_7	40	30	30	1	100					
299	13	8657336	5194366	3462970	1731395	8657276640	5194365984	3462910656	1731455328	crystal_7	40	30	30	1	100					
300	13	8700003	5219966	3480037	1739928	8699943305	5219965983	3479977322	1739988661	crystal_7	40	30	30	1	100					
301	13	8742670	5245566	3497104	1748461	8742609970	5245565982	3497043988	1748521994	crystal_7	40	30	30	1	100					
302	13	8785337	5271166	3514171	1756994	8785276635	5271165981	3514110654	1757055327	crystal_7	40	30	30	1	100					
303	13	8828004	5296766	3531238	1765527	8827943300	5296765980	3531177320	1765588660	crystal_7	40	30	30	1	100					
304	13	8870671	5322366	3548305	1774060	8870609965	5322365979	3548243986	1774121993	crystal_7	40	30	30	1	100					
305	13	8913338	5347966	3565372	1782593	8913276630	5347965978	3565310652	1782655326	crystal_7	40	30	30	1	100					
306	13	8956005	5373566	3582439	1791126	8955943295	5373565977	3582377318	1791188659	crystal_7	40	30	30	1	100					
307	13	8998672	5399166	3599506	1799659	8998609960	5399165976	3599443984	1799721992	crystal_7	40	30	30	1	100					
308	13	9041339	5424766	3616573	1808192	9041276625	5424765975	3616510650	1808255325	crystal_7	40	30	30	1	100					
309	13	9084006	5450366	3633640	1816725	9083943290	5450365974	3633577316	1816788658	crystal_7	40	30	30	1	100					
310	13	9126673	5475966	3650707	1825258	9126609955	5475965973	3650643982	1825321991	crystal_7	40	30	30	1	100					
311	13	9169340	5501566	3667774	1833791	9169276620	5501565972	3667710648	1833855324	crystal_7	40	30	30	1	100					
312	13	9212007	5527166	3684841	1842324	9211943285	5527165971	3684777314	1842388657	crystal_7	40	30	30	1	100					
313	13	9254674	5552766	3701908	1850857	9254609950	5552765970	3701843980	1850921990	crystal_7	40	30	30	1	100					
314	13	9297341	5578366	3718975	1859390	9297276615	5578365969	3718910646	1859455323	crystal_7	40	30	30	1	100					
315	13	9340008	5603966	3736042	1867923	9339943280	5603965968	3735977312	1867988656	crystal_7	40	30	30	1	100					
316	13	9382675	5629566	3753109	1876456	9382609945	5629565967	3753043978	1876521989	crystal_7	40	30	30	1	100					
317	13	9425342	5655166	3770176	1884989	9425276610	5655165966	3770110644	1885055322	crystal_7	40	30	30	1	100					
318	13	9468009	5680766	3787243	1893522	9467943275	5680765965	3787177310	1893588655	crystal_7	40	30	30	1	100					
319	13	9510676	5706366	3804310	1902055	9510609940	5706365964	3804243976	1902121988	crystal_7	40	30	30	1	100					
320	13	9553343	5731966	3821377	1910588	9553276605	5731965963	3821310642	1910655321	crystal_7	40	30	30	1	100					
321	13	9596010	5757566	3838444	1919121	9595943270	5757565962	3838377308	1919188654	crystal_7	40	30	30	1	100					
322	13	9638677	5783166	3855511	1927654	9638609935	5783165961	3855443974	1927721987	crystal_7	40	30	30	1	100					
323	13	9681344	5808766	3872578	1936187	9681276600	5808765960	3872510640	1936255320	crystal_7	40	30	30	1	100					
324	13	9724011	5834366	3889645	1944720	9723943265	5834365959	3889577306	1944788653	crystal_7	40	30	30	1	100					
325	13	9766678	5859966	3906712	1953253	9766609930	5859965958	3906643972	1953321986	crystal_7	40	30	30	1	100					
326	13	9809345	5885566	3923779	1961786	9809276595	5885565957	3923710638	1961855319	crystal_7	40	30	30	1	100					
327	13	9852012	5911166	3940846	1970319	9851943260	5911165956	3940777304	1970388652	crystal_7	40	30	30	1	100					
328	13	9894679	5936766	3957913	1978852	9894609925	5936765955	3957843970	1978921985	crystal_7	40	30	30	1	100					
329	13	9937346	5962366	3974980	1987385	9937276590	5962365954	3974910636	1987455318	crystal_7	40	30	30	1	100					
330	13	9980013	5987966	3992047	1995918	9979943255	5987965953	3991977302	1995988651	crystal_7	40	30	30	1	100					
331	13	10022680	6013566	4009114	2004451	10022609920	6013565952	4009043968	2004521984	crystal_7	40	30	30	1	100					
332	13	10065347	6039166	4026181	2012984	10065276585	6039165951	4026110634	2013055317	crystal_7	40	30	30	1	100					
333	13	10108014	6064766	4043248	2021517	10107943250	6064765950	4043177300	2021588650	crystal_7	40	30	30	1	100					
334	13	10150681	6090366	4060315	2030050	10150609915	6090365949	4060243966	2030121983	crystal_7	40	30	30	1	100					
335	13	10193348	6115966	4077382	2038583	10193276580	6115965948	4077310632	2038655316	crystal_7	40	30	30	1	100					
336	13	10236015	6141566	4094449	2047116	10235943245	6141565947	4094377298	2047188649	crystal_7	40	30	30	1	100					
337	13	10278682	6167166	4111516	2055649	10278609910	6167165946	4111443964	2055721982	crystal_7	40	30	30	1	100					
338	13	10321349	6192766	4128583	2064182	10321276575	6192765945	4128510630	2064255315	crystal_7	40	30	30	1	100					
339	13	10364016	6218366	4145650	2072715	10363943240	6218365944	4145577296	2072788648	crystal_7	40	30	30	1	100					
340	13	10406683	6243966	4162717	2081248	10406609905	6243965943	4162643962	2081321981	crystal_7	40	30	30	1	100					
341	13	10449350	6269566	4179784	2089781	10449276570	6269565942	4179710628	2089855314	crystal_7	40	30	30	1	100					
342	13	10492017	6295166	4196851	2098314	10491943235	6295165941	4196777294	2098388647	crystal_7	40	30	30	1	100					
343	13	10534684	6320766	4213918	2106847	10534609900	6320765940	4213843960	2106921980	crystal_7	40	30	30	1	100					
344	13	10577351	6346366	4230985	2115380	10577276565	6346365939	4230910626	2115455313	crystal_7	40	30	30	1	100					
345	13	10620018	6371966	4248052	2123913	10619943230	6371965938	4247977292	2123988646	crystal_7	40	30	30	1	100					
346	13	10662685	6397566	4265119	2132446	10662609895	6397565937	4265043958	2132521979	crystal_7	40	30	30	1	100					
347	13	10705352	6423166	4282186	2140979	10705276560	6423165936	4282110624	2141055312	crystal_7	40	30	30	1	100					
348	13	10748019	6448766	4299253	2149512	10747943225	6448765935	4299177290	2149588645	crystal_7	40	30	30	1	100					
349	13	10790686	6474366	4316320	2158045	10790609890	6474365934	4316243956	2158121978	crystal_7	40	30	30	1	100					
350	13	10833353	6499966	4333387	2166578	10833276555	6499965933	4333310622	2166655311	crystal_7	40	30	30	1	100					
351	13	10876020	6525566	4350454	2175111	10875943220	6525565932	4350377288	2175188644	crystal_7	40	30	30	1	100					
352	13	10918687	6551166	4367521	2183644	10918609885	6551165931	4367443954	2183721977	crystal_7	40	30	30	1	100					
353	13	10961354	6576766	4384588	2192177	10961276550	6576765930	4384510620	2192255310	crystal_7	40	30	30	1	100					
354	13	11004021	6602366	4401655	2200710	11003943215	6602365929	4401577286	2200788643	crystal_7	40	30	30	1	100					
355	13	11046688	6627966	4418722	2209243	11046609880	6627965928	4418643952	2209321976	crystal_7	40	30	30	1	100					
356	13	11089355	6653566	4435789	2217776	11089276545	6653565927	4435710618	2217855309	crystal_7	40	30	30	1	100					
357	13	11132022	6679166	4452856	2226309	11131943210	6679165926	4452777284	2226388642	crystal_7	40	30	30	1	100					
358	13	11174689	6704766	4469923	2234842	11174609875	6704765925	4469843950	2234921975	crystal_7	40	30	30	1	100					
359	13	11217356	6730366	4486990	2243375	11217276540	6730365924	4486910616	2243455308	crystal_7	40	30	30	1	100					
360	13	11260023	6755966	4504057	2251908	11259943205	6755965923	4503977282	2251988641	crystal_7	40	30	30	1	100					
361	13	11302690	6781566	4521124	2260441	11302609870	6781565922	4521043948	2260521974	crystal_7	40	30	30	1	100					
362	13	11345357	6807166	4538191	2268974	11345276535	6807165921	4538110614	2269055307	crystal_7	40	30	30	1	100					
363	13	11388024	6832766	4555258	2277507	11387943200	6832765920	4555177280	2277588640	crystal_7	40	30	30	1	100					
364	13	11430691	6858366	4572325	2286040	11430609865	6858365919	4572243946	2286121973	crystal_7	40	30	30	1	100					
365	13	11473358	6883966	4589392	2294573	11473276530	6883965918	4589310612	2294655306	crystal_7	40	30	30	1	100					
366	13	11516025	6909566	4606459	2303106	11515943195	6909565917	4606377278	2303188639	crystal_7	40	30	30	1	100					
367	13	11558692	6935166	4623526	2311639	11558609860	6935165916	4623443944	2311721972	crystal_7	40	30	30	1	100					
368	13	11601359	6960766	4640593	2320172	11601276525	6960765915	4640510610	2320255305	crystal_7	40	30	30	1	100					
369	13	11644026	6986366	4657660	2328705	11643943190	6986365914	4657577276	2328788638	crystal_7	40	30	30	1	100					
370	13	11686693	7011966	4674727	2337238	11686609855	7011965913	4674643942	2337321971	crystal_7	40	30	30	1	100					
371	13	11729360	7037566	4691794	2345771	11729276520	7037565912	4691710608	2345855304	crystal_7	40	30	30	1	100					
372	13	11772027	7063166	4708861	2354304	11771943185	7063165911	4708777274	2354388637	crystal_7	40	30	30	1	100					
373	13	11814694	7088766	4725928	2362837	11814609850	7088765910	4725843940	2362921970	crystal_7	40	30	30	1	100					
374	13	11857361	7114366	4742995	2371370	11857276515	7114365909	4742910606	2371455303	crystal_7	40	30	30	1	100					
375	13	11900028	7139966	4760062	2379903	11899943180	7139965908	4759977272	2379988636	crystal_7	40	30	30	1	100					
376	13	11942695	7165566	4777129	2388436	11942609845	7165565907	4777043938	2388521969	crystal_7	40	30	30	1	100					
377	13	11985362	7191166	4794196	2396969	11985276510	7191165906	4794110604	2397055302	crystal_7	40	30	30	1	100					
378	13	12028029	7216766	4811263	2405502	12027943175	7216765905	4811177270	2405588635	crystal_7	40	30	30	1	100					
379	13	12070696	7242366	4828330	2414035	12070609840	7242365904	4828243936	2414121968	crystal_7	40	30	30	1	100					
380	13	12113363	7267966	4845397	2422568	12113276505	7267965903	4845310602	2422655301	crystal_7	40	30	30	1	100					
381	13	12156030	7293566	4862464	2431101	12155943170	7293565902	4862377268	2431188634	crystal_7	40	30	30	1	100					
382	13	12198697	7319166	4879531	2439634	12198609835	7319165901	4879443934	2439721967	crystal_7	40	30	30	1	100					
383	13	12241364	7344766	4896598	2448167	12241276500	7344765900	4896510600	2448255300	crystal_7	40	30	30	1	100					
384	13	12284031	7370366	4913665	2456700	12283943165	7370365899	4913577266	2456788633	crystal_7	40	30	30	1	100					
385	13	12326698	7395966	4930732	2465233	12326609830	7395965898	4930643932	2465321966	crystal_7	40	30	30	1	100					
386	13	12369365	7421566	4947799	2473766	12369276495	7421565897	4947710598	2473855299	crystal_7	40	30	30	1	100					
387	13	12412032	7447166	4964866	2482299	12411943160	7447165896	4964777264	2482388632	crystal_7	40	30	30	1	100					
388	13	12454699	7472766	4981933	2490832	12454609825	7472765895	4981843930	2490921965	crystal_7	40	30	30	1	100					
389	13	12497366	7498366	4999000	2499365	12497276490	7498365894	4998910596	2499455298	crystal_7	40	30	30	1	100					
390	13	12540033	7523966	5016067	2507898	12539943155	7523965893	5015977262	2507988631	crystal_7	40	30	30	1	100					
391	13	12582700	7549566	5033134	2516431	12582609820	7549565892	5033043928	2516521964	crystal_7	40	30	30	1	100					
392	13	12625367	7575166	5050201	2524964	12625276485	7575165891	5050110594	2525055297	crystal_7	40	30	30	1	100					
393	13	12668034	7600766	5067268	2533497	12667943150	7600765890	5067177260	2533588630	crystal_7	40	30	30	1	100					
394	13	12710701	7626366	5084335	2542030	12710609815	7626365889	5084243926	2542121963	crystal_7	40	30	30	1	100					
395	13	12753368	7651966	5101402	2550563	12753276480	7651965888	5101310592	2550655296	crystal_7	40	30	30	1	100					
396	13	12796035	7677566	5118469	2559096	12795943145	7677565887	5118377258	2559188629	crystal_7	40	30	30	1	100					
397	13	12838702	7703166	5135536	2567629	12838609810	7703165886	5135443924	2567721962	crystal_7	40	30	30	1	100					
398	13	12881369	7728766	5152603	2576162	12881276475	7728765885	5152510590	2576255295	crystal_7	40	30	30	1	100					
399	13	12924036	7754366	5169670	2584695	12923943140	7754365884	5169577256	2584788628	crystal_7	40	30	30	1	100					
400	13	12966703	7779966	5186737	2593228	12966609805	7779965883	5186643922	2593321961	crystal_7	40	30	30	1	100					
401	13	13009370	7805566	5203804	2601761	13009276470	7805565882	5203710588	2601855294	crystal_7	40	30	30	1	100					
402	13	13052037	7831166	5220871	2610294	13051943135	7831165881	5220777254	2610388627	crystal_7	40	30	30	1	100					
403	13	13094704	7856766	5237938	2618827	13094609800	7856765880	5237843920	2618921960	crystal_7	40	30	30	1	100					
404	13	13137371	7882366	5255005	2627360	13137276465	7882365879	5254910586	2627455293	crystal_7	40	30	30	1	100					
405	13	13180038	7907966	5272072	2635893	13179943130	7907965878	5271977252	2635988626	crystal_7	40	30	30	1	100					
406	13	13222705	7933566	5289139	2644426	13222609795	7933565877	5289043918	2644521959	crystal_7	40	30	30	1	100					
407	13	13265372	7959166	5306206	2652959	13265276460	7959165876	5306110584	2653055292	crystal_7	40	30	30	1	100					
408	13	13308039	7984766	5323273	2661492	13307943125	7984765875	5323177250	2661588625	crystal_7	40	30	30	1	100					
409	13	13350706	8010366	5340340	2670025	13350609790	8010365874	5340243916	2670121958	crystal_7	40	30	30	1	100					
410	13	13393373	8035966	5357407	2678558	13393276455	8035965873	5357310582	2678655291	crystal_7	40	30	30	1	100					
411	13	13436040	8061566	5374474	2687091	13435943120	8061565872	5374377248	2687188624	crystal_7	40	30	30	1	100					
412	13	13478707	8087166	5391541	2695624	13478609785	8087165871	5391443914	2695721957	crystal_7	40	30	30	1	100					
413	13	13521374	8112766	5408608	2704157	13521276450	8112765870	5408510580	2704255290	crystal_7	40	30	30	1	100					
414	13	13564041	8138366	5425675	2712690	13563943115	8138365869	5425577246	2712788623	crystal_7	40	30	30	1	100					
415	13	13606708	8163966	5442742	2721223	13606609780	8163965868	5442643912	2721321956	crystal_7	40	30	30	1	100					
416	13	13649375	8189566	5459809	2729756	13649276445	8189565867	5459710578	2729855289	crystal_7	40	30	30	1	100					
417	13	13692042	8215166	5476876	2738289	13691943110	8215165866	5476777244	2738388622	crystal_7	40	30	30	1	100					
418	13	13734709	8240766	5493943	2746822	13734609775	8240765865	5493843910	2746921955	crystal_7	40	30	30	1	100					
419	13	13777376	8266366	5511010	2755355	13777276440	8266365864	5510910576	2755455288	crystal_7	40	30	30	1	100					
420	13	13820043	8291966	5528077	2763888	13819943105	8291965863	5527977242	2763988621	crystal_7	40	30	30	1	100					
421	13	13862710	8317566	5545144	2772421	13862609770	8317565862	5545043908	2772521954	crystal_7	40	30	30	1	100					
422	13	13905377	8343166	5562211	2780954	13905276435	8343165861	5562110574	2781055287	crystal_7	40	30	30	1	100					
423	13	13948044	8368766	5579278	2789487	13947943100	8368765860	5579177240	2789588620	crystal_7	40	30	30	1	100					
424	13	13990711	8394366	5596345	2798020	13990609765	8394365859	5596243906	2798121953	crystal_7	40	30	30	1	100					
425	13	14033378	8419966	5613412	2806553	14033276430	8419965858	5613310572	2806655286	crystal_7	40	30	30	1	100					
426	13	14076045	8445566	5630479	2815086	14075943095	8445565857	5630377238	2815188619	crystal_7	40	30	30	1	100					
427	13	14118712	8471166	5647546	2823619	14118609760	8471165856	5647443904	2823721952	crystal_7	40	30	30	1	100					
428	13	14161379	8496766	5664613	2832152	14161276425	8496765855	5664510570	2832255285	crystal_7	40	30	30	1	100					
429	13	14204046	8522366	5681680	2840685	14203943090	8522365854	5681577236	2840788618	crystal_7	40	30	30	1	100					
430	13	14246713	8547966	5698747	2849218	14246609755	8547965853	5698643902	2849321951	crystal_7	40	30	30	1	100					
431	13	14289380	8573566	5715814	2857751	14289276420	8573565852	5715710568	2857855284	crystal_7	40	30	30	1	100					
432	13	14332047	8599166	5732881	2866284	14331943085	8599165851	5732777234	2866388617	crystal_7	40	30	30	1	100					
433	13	14374714	8624766	5749948	2874817	14374609750	8624765850	5749843900	2874921950	crystal_7	40	30	30	1	100					
434	13	14417381	8650366	5767015	2883350	14417276415	8650365849	5766910566	2883455283	crystal_7	40	30	30	1	100					
435	13	14460048	8675966	5784082	2891883	14459943080	8675965848	5783977232	2891988616	crystal_7	40	30	30	1	100					
436	13	14502715	8701566	5801149	2900416	14502609745	8701565847	5801043898	2900521949	crystal_7	40	30	30	1	100					
437	13	14545382	8727166	5818216	2908949	14545276410	8727165846	5818110564	2909055282	crystal_7	40	30	30	1	100					
438	13	14588049	8752766	5835283	2917482	14587943075	8752765845	5835177230	2917588615	crystal_7	40	30	30	1	100					
439	13	14630716	8778366	5852350	2926015	14630609740	8778365844	5852243896	2926121948	crystal_7	40	30	30	1	100					
440	13	14673383	8803966	5869417	2934548	14673276405	8803965843	5869310562	2934655281	crystal_7	40	30	30	1	100					
441	13	14716050	8829566	5886484	2943081	14715943070	8829565842	5886377228	2943188614	crystal_7	40	30	30	1	100					
442	13	14758717	8855166	5903551	2951614	14758609735	8855165841	5903443894	2951721947	crystal_7	40	30	30	1	100					
443	13	14801384	8880766	5920618	2960147	14801276400	8880765840	5920510560	2960255280	crystal_7	40	30	30	1	100					
444	13	14844051	8906366	5937685	2968680	14843943065	8906365839	5937577226	2968788613	crystal_7	40	30	30	1	100					
445	13	14886718	8931966	5954752	2977213	14886609730	8931965838	5954643892	2977321946	crystal_7	40	30	30	1	100					
446	13	14929385	8957566	5971819	2985746	14929276395	8957565837	5971710558	2985855279	crystal_7	40	30	30	1	100					
447	13	14972052	8983166	5988886	2994279	14971943060	8983165836	5988777224	2994388612	crystal_7	40	30	30	1	100					
448	13	15014719	9008766	6005953	3002812	15014609725	9008765835	6005843890	3002921945	crystal_7	40	30	30	1	100					
449	13	15057386	9034366	6023020	3011345	15057276390	9034365834	6022910556	3011455278	crystal_7	40	30	30	1	100					
450	13	15100053	9059966	6040087	3019878	15099943055	9059965833	6039977222	3019988611	crystal_7	40	30	30	1	100					
451	13	15142720	9085566	6057154	3028411	15142609720	9085565832	6057043888	3028521944	crystal_7	40	30	30	1	100					
452	13	15185387	9111166	6074221	3036944	15185276385	9111165831	6074110554	3037055277	crystal_7	40	30	30	1	100					
453	13	15228054	9136766	6091288	3045477	15227943050	9136765830	6091177220	3045588610	crystal_7	40	30	30	1	100					
454	13	15270721	9162366	6108355	3054010	15270609715	9162365829	6108243886	3054121943	crystal_7	40	30	30	1	100					
455	13	15313388	9187966	6125422	3062543	15313276380	9187965828	6125310552	3062655276	crystal_7	40	30	30	1	100					
456	13	15356055	9213566	6142489	3071076	15355943045	9213565827	6142377218	3071188609	crystal_7	40	30	30	1	100					
457	13	15398722	9239166	6159556	3079609	15398609710	9239165826	6159443884	3079721942	crystal_7	40	30	30	1	100					
458	13	15441389	9264766	6176623	3088142	15441276375	9264765825	6176510550	3088255275	crystal_7	40	30	30	1	100					
459	13	15484056	9290366	6193690	3096675	15483943040	9290365824	6193577216	3096788608	crystal_7	40	30	30	1	100					
460	13	15526723	9315966	6210757	3105208	15526609705	9315965823	6210643882	3105321941	crystal_7	40	30	30	1	100					
461	13	15569390	9341566	6227824	3113741	15569276370	9341565822	6227710548	3113855274	crystal_7	40	30	30	1	100					
462	13	15612057	9367166	6244891	3122274	15611943035	9367165821	6244777214	3122388607	crystal_7	40	30	30	1	100					
463	13	15654724	9392766	6261958	3130807	15654609700	9392765820	6261843880	3130921940	crystal_7	40	30	30	1	100					
464	13	15697391	9418366	6279025	3139340	15697276365	9418365819	6278910546	3139455273	crystal_7	40	30	30	1	100					
465	13	15740058	9443966	6296092	3147873	15739943030	9443965818	6295977212	3147988606	crystal_7	40	30	30	1	100					
466	13	15782725	9469566	6313159	3156406	15782609695	9469565817	6313043878	3156521939	crystal_7	40	30	30	1	100					
467	13	15825392	9495166	6330226	3164939	15825276360	9495165816	6330110544	3165055272	crystal_7	40	30	30	1	100					
468	13	15868059	9520766	6347293	3173472	15867943025	9520765815	6347177210	3173588605	crystal_7	40	30	30	1	100					
469	13	15910726	9546366	6364360	3182005	15910609690	9546365814	6364243876	3182121938	crystal_7	40	30	30	1	100					
470	13	15953393	9571966	6381427	3190538	15953276355	9571965813	6381310542	3190655271	crystal_7	40	30	30	1	100					
471	13	15996060	9597566	6398494	3199071	15995943020	9597565812	6398377208	3199188604	crystal_7	40	30	30	1	100					
472	13	16038727	9623166	6415561	3207604	16038609685	9623165811	6415443874	3207721937	crystal_7	40	30	30	1	100					
473	13	16081394	9648766	6432628	3216137	16081276350	9648765810	6432510540	3216255270	crystal_7	40	30	30	1	100					
474	13	16124061	9674366	6449695	3224670	16123943015	9674365809	6449577206	3224788603	crystal_7	40	30	30	1	100					
475	13	16166728	9699966	6466762	3233203	16166609680	9699965808	6466643872	3233321936	crystal_7	40	30	30	1	100					
476	13	16209395	9725566	6483829	3241736	16209276345	9725565807	6483710538	3241855269	crystal_7	40	30	30	1	100					
477	13	16252062	9751166	6500896	3250269	16251943010	9751165806	6500777204	3250388602	crystal_7	40	30	30	1	100					
478	13	16294729	9776766	6517963	3258802	16294609675	9776765805	6517843870	3258921935	crystal_7	40	30	30	1	100					
479	13	16337396	9802366	6535030	3267335	16337276340	9802365804	6534910536	3267455268	crystal_7	40	30	30	1	100					
480	13	16380063	9827966	6552097	3275868	16379943005	9827965803	6551977202	3275988601	crystal_7	40	30	30	1	100					
481	13	16422730	9853566	6569164	3284401	16422609670	9853565802	6569043868	3284521934	crystal_7	40	30	30	1	100					
482	13	16465397	9879166	6586231	3292934	16465276335	9879165801	6586110534	3293055267	crystal_7	40	30	30	1	100					
483	13	16508064	9904766	6603298	3301467	16507943000	9904765800	6603177200	3301588600	crystal_7	40	30	30	1	100					
484	13	16550731	9930366	6620365	3310000	16550609665	9930365799	6620243866	3310121933	crystal_7	40	30	30	1	100					
485	13	16593398	9955966	6637432	3318533	16593276330	9955965798	6637310532	3318655266	crystal_7	40	30	30	1	100					
486	13	16636065	9981566	6654499	3327066	16635942995	9981565797	6654377198	3327188599	crystal_7	40	30	30	1	100					
487	13	16678732	10007166	6671566	3335599	16678609660	10007165796	6671443864	3335721932	crystal_7	40	30	30	1	100					
488	13	16721399	10032766	6688633	3344132	16721276325	10032765795	6688510530	3344255265	crystal_7	40	30	30	1	100					
489	13	16764066	10058366	6705700	3352665	16763942990	10058365794	6705577196	3352788598	crystal_7	40	30	30	1	100					
490	13	16806733	10083966	6722767	3361198	16806609655	10083965793	6722643862	3361321931	crystal_7	40	30	30	1	100					
491	13	16849400	10109566	6739834	3369731	16849276320	10109565792	6739710528	3369855264	crystal_7	40	30	30	1	100					
492	13	16892067	10135166	6756901	3378264	16891942985	10135165791	6756777194	3378388597	crystal_7	40	30	30	1	100					
493	13	16934734	10160766	6773968	3386797	16934609650	10160765790	6773843860	3386921930	crystal_7	40	30	30	1	100					
494	13	16977401	10186366	6791035	3395330	16977276315	10186365789	6790910526	3395455263	crystal_7	40	30	30	1	100					
495	13	17020068	10211966	6808102	3403863	17019942980	10211965788	6807977192	3403988596	crystal_7	40	30	30	1	100					
496	13	17062735	10237566	6825169	3412396	17062609645	10237565787	6825043858	3412521929	crystal_7	40	30	30	1	100					
497	13	17105402	10263166	6842236	3420929	17105276310	10263165786	6842110524	3421055262	crystal_7	40	30	30	1	100					
498	13	17148069	10288766	6859303	3429462	17147942975	10288765785	6859177190	3429588595	crystal_7	40	30	30	1	100					
499	13	17190736	10314366	6876370	3437995	17190609640	10314365784	6876243856	3438121928	crystal_7	40	30	30	1	100					
500	13	17233403	10339966	6893437	3446528	17233276305	10339965783	6893310522	3446655261	crystal_7	40	30	30	1	100					
